00002 06 05 
00006 26 67 
00007 09 14 
00003 28 48 
00000 08 24 
00008 69 49 
00003 13 41 
00001 48 24 
00007 49 76 
00009 59 60 
00000 45 65 
00002 64 28 
00003 36 30 
00009 26 37 
00005 64 50 
00001 45 26 
00007 24 38 
00005 63 34 
00009 44 50 
00003 42 72 
00001 05 12 
00004 61 64 
00002 16 61 
00000 09 69 
00007 32 77 
00003 29 27 
00006 50 68 
00004 79 77 
00005 15 68 
00001 60 45 
00004 67 63 
00002 23 36 
00009 06 71 
00002 06 44 
00007 02 18 
00009 54 77 
00006 24 73 
00007 16 66 
00004 62 15 
00003 00 72 
00005 36 10 
00000 18 36 
00001 56 14 
00001 60 46 
00004 30 73 
00009 37 71 
00008 54 71 
00007 01 09 
00007 77 18 
00000 48 23 
00004 73 55 
00009 38 20 
00007 10 06 
00004 29 67 
00001 30 45 
00005 08 05 
00009 19 50 
00005 26 57 
00003 37 41 
00005 55 02 
00009 74 42 
00007 38 11 
00005 46 25 
00002 02 31 
00007 31 30 
00002 19 70 
00007 08 10 
00009 65 64 
00006 03 68 
00000 02 48 
00000 48 11 
00004 13 43 
00004 23 70 
00005 63 57 
00005 24 65 
00000 71 43 
00009 33 71 
00005 19 61 
00006 70 56 
00003 39 23 
00000 65 24 
00004 67 57 
00001 17 40 
00008 25 38 
00009 54 23 
00008 36 52 
00000 48 37 
00004 45 50 
00007 26 30 
00000 13 12 
00006 53 69 
00009 17 20 
00008 62 65 
00002 60 45 
00004 52 45 
00007 57 40 
00007 40 07 
00008 29 08 
00005 30 24 
00000 68 44 
00005 58 56 
00001 49 27 
00004 76 77 
00002 13 53 
00004 46 17 
00001 27 34 
00009 00 73 
00003 47 71 
00007 06 45 
00009 08 30 
00004 06 73 
00009 67 62 
00007 78 07 
00002 51 39 
00006 74 25 
00009 68 46 
00004 75 61 
00003 30 46 
00006 27 32 
00000 23 25 
00007 66 70 
00000 35 40 
00000 58 36 
00007 05 54 
00003 19 18 
00008 52 00 
00009 02 08 
00003 25 53 
00007 66 08 
00001 38 25 
00006 14 79 
00000 17 34 
00005 25 44 
00008 44 20 
00005 03 43 
00009 14 71 
00000 30 58 
00003 22 47 
00002 62 77 
00006 16 71 
00004 78 60 
00007 14 52 
00006 45 08 
00007 79 51 
00000 58 51 
00008 64 68 
00005 19 43 
00002 71 44 
00007 76 47 
00002 30 11 
00000 45 52 
00002 46 72 
00009 03 41 
00007 45 03 
00008 23 56 
00005 47 58 
00007 03 39 
00002 05 04 
00000 21 02 
00000 42 75 
00009 15 45 
00004 50 55 
00006 25 41 
00008 29 43 
00005 72 37 
00009 52 46 
00002 01 37 
00006 31 01 
00007 14 08 
00008 03 69 
00007 18 66 
00005 72 67 
00003 61 39 
00003 15 63 
00003 07 38 
00007 33 61 
00008 75 33 
00008 06 14 
00003 57 40 
00003 52 46 
00007 24 17 
00003 21 00 
00001 38 62 
00007 24 29 
00006 77 55 
00001 75 16 
00009 44 71 
00001 49 20 
00003 11 49 
00002 67 15 
00005 55 10 
00003 60 22 
00003 59 54 
00004 77 22 
00000 64 44 
00005 54 31 
00006 73 79 
00008 54 09 
00002 75 17 
00004 54 03 
00002 01 78 
00001 49 73 
00001 77 04 
00000 11 14 
00005 39 20 
00006 77 34 
00001 09 13 
00000 77 31 
00001 56 79 
00008 74 11 
00007 22 16 
00004 12 76 
00008 35 55 
00008 55 12 
00005 72 60 
00004 59 21 
00009 33 69 
00004 77 28 
00005 47 46 
00006 45 70 
00002 65 23 
00005 47 16 
00008 36 62 
00007 40 50 
00009 45 11 
00006 69 74 
00007 61 33 
00008 36 12 
00001 22 06 
00008 18 68 
00005 51 23 
00001 74 55 
00005 26 73 
00005 22 41 
00000 67 65 
00009 66 02 
00006 72 02 
00001 65 75 
00003 22 73 
00004 72 78 
00001 73 65 
00000 62 26 
00006 12 02 
00005 38 62 
00007 68 43 
00001 26 28 
00002 68 05 
00007 77 36 
00009 58 53 
00002 49 55 
00007 61 24 
00009 64 14 
00009 55 53 
00002 72 44 
00008 20 01 
00003 13 04 
00000 73 54 
00005 65 07 
00002 14 28 
00006 41 45 
00003 77 39 
00004 45 36 
00008 74 25 
00008 31 47 
00008 07 55 
00004 09 60 
00001 24 23 
00006 69 02 
00001 71 66 
00008 24 64 
00000 71 53 
00009 62 13 
00001 10 43 
00004 64 05 
00002 22 34 
00006 24 78 
00003 64 06 
00009 52 63 
00003 13 64 
00008 22 11 
00005 52 31 
00003 79 67 
00001 34 04 
00009 30 75 
00000 10 29 
00008 06 22 
00001 23 08 
00006 39 70 
00007 32 04 
00001 23 15 
00006 73 15 
00008 15 00 
00008 49 26 
00001 40 71 
00007 71 76 
00005 50 12 
00000 01 23 
00009 42 73 
00004 30 76 
00006 42 19 
00000 49 00009 68 
00002 58 00006 26 
00002 45 00006 66 
00009 42 00000 59 
00000 58 00008 66 
00003 37 00008 21 
00009 38 00001 06 
00005 62 00002 25 
00000 68 00003 07 
00007 30 00001 45 
00000 67 00003 33 
00000 52 00005 07 
00001 45 00005 44 
00003 08 00008 71 
00006 66 00004 03 
00000 42 00008 68 
00001 23 00009 38 
00007 69 00005 77 
00005 76 00006 05 
00003 72 00006 79 
00003 67 00004 61 
00004 38 00008 53 
00002 17 00000 65 
00001 49 00000 39 
00008 46 00002 62 
00002 28 00001 23 
00003 13 00004 60 
00005 42 00003 44 
00000 47 00009 30 
00009 07 00006 20 
00008 44 00003 37 
00005 04 00004 43 
00003 70 00005 72 
00003 57 00007 67 
00000 20 00007 43 
00000 62 00002 02 
00000 67 00002 64 
00003 14 00002 09 
00003 14 00004 51 
00007 03 00002 79 
00001 71 00009 64 
00006 14 00004 51 
00005 15 00009 55 
00002 42 00008 45 
00008 06 00000 52 
00007 36 00003 07 
00008 37 00005 14 
00004 65 00008 54 
00005 35 00006 20 
00007 36 00002 67 
00002 55 00007 05 
00004 52 00000 37 
00004 31 00008 61 
00008 31 00005 25 
00000 25 00007 36 
00007 71 00005 29 
00001 25 00005 53 
00005 55 00001 09 
00003 62 00000 03 
00003 71 00009 23 
00004 72 00006 33 
00003 56 00002 08 
00003 01 00007 43 
00007 01 00004 17 
00002 19 00009 78 
00001 78 00000 76 
00006 69 00008 02 
00008 63 00006 42 
00005 19 00008 56 
00002 73 00001 19 
00005 26 00009 38 
00009 61 00006 13 
00003 12 00007 31 
00007 68 00005 09 
00008 68 00006 68 
00003 31 00004 31 
00001 73 00002 63 
00001 78 00006 57 
00007 04 00003 16 
00003 68 00008 03 
00000 13 00009 28 
00002 45 00001 75 
00005 45 00009 43 
00000 40 00007 18 
00000 59 00003 74 
00009 55 00008 74 
00002 33 00009 07 
00000 77 00001 69 
00009 08 00000 42 
00004 39 00008 19 
00001 30 00005 53 
00007 74 00009 08 
00005 71 00009 27 
00003 57 00000 61 
00008 37 00007 01 
00000 16 00001 50 
00006 21 00002 36 
00007 27 00008 66 
00004 22 00008 24 
00008 35 00000 63 
00002 53 00007 11 
00001 40 00000 14 
00005 34 00000 24 
00008 62 00000 67 
00002 78 00004 29 
00008 69 00003 57 
00007 23 00002 67 
00009 70 00004 41 
00009 35 00004 60 
00005 19 00006 73 
00000 23 00007 41 
00001 30 00006 75 
00008 19 00001 30 
00000 59 00004 77 
00007 19 00001 21 
00005 76 00009 54 
00008 31 00001 25 
00002 39 00004 25 
00001 42 00005 41 
00004 02 00009 31 
00005 11 00003 27 
00007 38 00008 18 
00007 12 00006 69 
00006 21 00002 78 
00008 17 00009 58 
00001 46 00004 30 
00009 41 00002 61 
00007 13 00004 66 
00005 18 00000 41 
00007 52 00004 67 
00004 25 00007 17 
00002 60 00009 14 
00003 32 00007 74 
00001 22 00003 36 
00008 00 00001 59 
00002 76 00005 21 
00009 02 00005 46 
00005 45 00009 77 
00000 10 00003 00 
00004 22 00003 39 
00008 07 00000 33 
00009 11 00000 24 
00003 15 00004 78 
00002 08 00004 20 
00007 40 00001 21 
00009 74 00000 25 
00006 43 00002 68 
00008 00 00001 08 
00007 18 00002 77 
00004 60 00008 30 
00004 79 00001 74 
00008 08 00007 19 
00009 27 00000 46 
00004 27 00005 11 
00007 47 00006 65 
00009 40 00003 08 
00005 19 00009 62 
00000 71 00009 12 
00006 24 00008 53 
00009 35 00006 15 
00000 35 00005 18 
00001 35 00000 03 
00001 07 00008 77 
00006 31 00009 31 
00006 62 00008 28 
00004 31 00000 12 
00002 58 00006 63 
00005 79 00000 00 
00008 02 00001 50 
00009 29 00004 52 
00003 47 00006 60 
00000 04 00005 58 
00000 74 00006 64 
00003 04 00008 12 
00001 79 00002 07 
00005 10 00003 07 
00002 02 00009 53 
00004 52 00003 66 
00002 22 00004 10 
00004 75 00000 55 
00003 56 00005 55 
00001 54 00005 71 
00002 50 00001 32 
00009 47 00002 04 
00002 14 00004 39 
00002 77 00007 68 
00006 67 00002 43 
00005 08 00008 31 
00002 24 00003 75 
00003 73 00009 60 
00004 28 00008 46 
00007 52 00004 69 
00006 01 00009 45 
00008 41 00004 00 
00003 03 00001 20 
00007 43 00000 56 
00000 42 00005 04 
00006 06 00003 13 
00002 03 00003 15 
00008 44 00000 44 
00005 61 00004 34 
00003 64 00008 51 
00008 61 00006 13 
00007 53 00009 32 
00002 52 00000 42 
00001 14 00005 48 
00008 65 00003 44 
00002 40 00003 01 
00007 33 00002 17 
00003 50 00005 71 
00004 69 00005 13 
00000 13 00007 51 
00004 30 00002 61 
00008 75 00005 59 
00008 47 00002 23 
00009 60 00000 33 
00002 60 00005 26 
00002 20 00001 52 
00006 26 00002 59 
00001 46 00005 73 
00006 12 00004 75 
00009 42 00004 11 
00004 37 00009 03 
00000 36 00006 14 
00002 49 00007 43 
00009 71 00006 63 
00004 10 00007 34 
00009 66 00007 02 
00001 30 00007 17 
00004 49 00002 52 
00006 19 00002 74 
00003 61 00007 02 
00006 27 00007 62 
00000 76 00004 50 
00006 36 00005 33 
00007 53 00008 76 
00007 40 00006 08 
00006 66 00008 10 
00006 12 00003 54 
00009 52 00000 76 
00002 00 00009 45 
00008 79 00002 23 
00001 33 00009 08 
00001 42 00008 71 
00005 29 00000 22 
00004 12 00008 69 
00006 21 00002 11 
00002 45 00009 03 
00009 08 00003 11 
00002 77 00003 65 
00008 27 00006 71 
00009 07 00008 64 
00009 46 00001 52 
00005 49 00008 35 
00009 14 00004 38 
00006 56 00001 11 
00001 21 00005 13 
00000 36 00001 79 
00003 37 00008 55 
00004 21 00001 04 
00005 22 00008 39 
00009 59 00000 77 
00002 24 00008 43 
00008 35 00007 10 
00004 65 00006 76 
00005 11 00002 51 
00001 65 00007 22 
00002 75 00007 38 
00001 45 00003 37 
00006 60 00002 56 
00006 10 00002 73 
00000 06 00008 79 
00001 78 00000 37 
00007 28 00009 35 
00000 72 00004 58 
00005 62 00009 66 
00000 25 00002 17 
00004 45 00001 03 
00002 35 00008 23 
00004 36 00008 37 
00009 69 00002 37 
00006 53 00009 43 
00007 65 00001 41 
00003 36 00009 19 
00003 06 00008 52 
00001 62 00006 06 
00009 45 00001 15 
00004 50 00001 08 
00006 65 00004 06 
00000 65 00008 10 
00003 25 00004 11 
00005 19 00003 17 
00007 26 00001 71 
00001 29 00008 60 
00009 31 00002 06 
00007 67 00004 37 
00002 51 00004 23 
00002 28 00009 25 
00004 60 00003 26 
00001 32 00006 32 
